,Source,open,high,low,close,volume
0,,8523.66,8746.82,8428.7,8545.65,62.480797
1,,8525.48,8963.39,8502.03,8900.76,75.481934
2,,8913.63,8919.44,8660.53,8758.86,99.933376
3,,8765.54,8844.36,8672.76,8748.23,69.532432
4,,8765.21,9152.18,8765.21,9062.79,94.383394
5,,9051.95,9170.84,8993.59,9140.03,62.796637
6,,9140.03,9199.13,8847.87,8886.71,77.674978
7,,8885.47,8885.47,8003.84,8036.46,127.36534
8,,8036.65,8175.98,7642.21,7939.79,304.948987
9,,7939.82,8140.35,7736.58,7888.99,146.684987
10,,7880.0,7977.46,7597.21,7926.4,114.702022
11,2020-03-12,7950.14,7956.4,4510.0,4824.58,2078.443533
12,2020-03-13,4814.78,5948.5,3649.04,5582.5,2402.633114
13,2020-03-14,5583.79,5626.0,5053.25,5169.45,183.878643
14,2020-03-15,5172.68,5943.59,5101.05,5365.04,306.334772
15,2020-03-16,5326.48,5361.94,4426.37,5023.0,525.896332
16,2020-03-17,5018.11,5522.61,4950.17,5320.37,307.111606
17,2020-03-18,5337.47,5437.71,5000.05,5390.21,567.576802
18,,5394.56,6397.65,5252.01,6179.03,480.699799
19,,6166.81,6904.12,5685.74,6205.0,542.741617
20,,6208.38,6451.84,5871.38,6165.0,349.50878
21,,6148.07,6403.69,5762.84,5818.52,382.082858
22,,5810.22,6586.88,5696.92,6481.71,325.910685
23,,6499.47,6830.63,6387.89,6749.94,193.537502
24,,6744.53,6954.56,6474.17,6695.91,179.296648
25,,6700.0,6772.38,6517.01,6734.11,176.751321
26,,6750.08,6836.61,6275.59,6365.87,156.399686
27,,6359.77,6359.77,6032.28,6243.16,282.316189
28,,6241.06,6266.95,5867.15,5876.82,245.719311
29,,5895.02,6607.25,5862.32,6386.47,374.646417
30,,6387.83,6516.79,6334.59,6434.43,200.191905
31,,6419.08,6679.96,6152.38,6641.0,244.83346
32,,6649.73,7226.02,6558.62,6826.94,569.861637
33,,6786.0,7035.95,6607.95,6721.11,374.740512
34,,6725.64,6996.58,6654.02,6862.65,278.684236
35,,6891.57,6891.57,6674.97,6771.41,129.581436
36,,6767.44,7347.0,6767.44,7332.68,271.71646
37,,7325.21,7450.93,7084.68,7197.12,193.637296
38,,7198.53,7419.96,7155.97,7363.77,137.537852
39,,7360.5,7368.22,7108.22,7283.68,73.043289
40,,7280.13,7288.54,6750.0,6857.58,94.517529
41,,6864.09,6935.07,6758.95,6881.93,46.401843
42,,6900.23,7175.38,6782.41,6894.29,91.2665
43,,6883.46,6883.78,6564.42,6836.5,115.760435
44,,6837.6,6971.0,6767.66,6857.32,63.647023
45,,6865.7,6926.82,6609.01,6631.75,80.44159
46,,6612.81,7201.47,6480.0,7100.0,282.056698
47,,7100.0,7145.41,6990.73,7036.17,71.961671
48,,7026.47,7293.89,7017.63,7248.61,75.897316
49,,7256.84,7267.46,7057.69,7121.6,66.48976
50,,7120.85,7215.0,6750.0,6828.56,147.097576
51,,6823.57,6934.46,6761.06,6845.56,183.05607
52,,6841.33,7154.79,6819.58,7124.66,84.760407
53,,7130.11,7752.45,7029.33,7480.05,206.001356
54,,7484.46,7658.78,7401.05,7497.34,110.173282
55,,7506.54,7720.52,7437.46,7541.17,98.724925
56,,7537.51,7705.38,7461.99,7694.13,88.994885
57,,7695.78,7791.73,7628.24,7775.57,75.132129
58,,7777.05,7782.01,7670.15,7748.5,44.404302
59,,7742.68,8955.58,7713.01,8778.63,320.888147
60,,8782.65,9450.76,8404.31,8630.86,384.675439
61,,8628.07,9051.55,8617.99,8817.65,137.638493
62,,8818.22,9014.77,8757.77,8972.68,59.469765
63,,8973.85,9196.27,8718.08,8887.35,210.049083
64,,8896.62,8954.26,8528.63,8868.92,198.32248
65,,8878.25,9105.2,8772.22,9027.64,133.86243
66,,9022.44,9396.16,8918.99,9145.93,242.577093
67,,9132.52,10063.93,9010.0,9991.11,340.351689
68,,10001.44,10032.58,9717.86,9810.32,138.251436
69,,9805.88,9900.0,9507.03,9539.68,145.785194
70,,9531.93,9569.31,8127.14,8726.3,600.65983
71,,8730.15,9162.08,8200.0,8561.03,399.574609
72,,8560.18,8973.14,8533.72,8810.0,153.606379
73,,8808.62,9398.12,8800.91,9295.0,167.297195
74,,9305.22,9936.94,9264.35,9792.25,247.695074
75,,9796.68,9839.59,9142.29,9311.55,314.061281
76,,9314.71,9574.09,9224.81,9387.32,136.890462
77,,9384.97,9883.77,9340.55,9675.9,192.143024
78,,9682.67,9953.2,9433.42,9735.91,228.596217
79,,9738.69,9893.93,9476.26,9771.9,166.998021
80,,9776.96,9836.6,9318.19,9520.76,186.184663
81,,9506.65,9564.73,8823.84,9058.33,241.577746
82,,9057.15,9260.9,8940.0,9169.41,124.68715
83,,9166.81,9302.52,9091.22,9174.47,57.329497
84,,9177.48,9297.7,8684.62,8716.23,189.507228
85,,8714.75,8979.62,8646.82,8890.24,176.878932
86,,8900.59,9013.41,8704.33,8839.14,92.653075
87,,8842.15,9225.75,8820.0,9202.0,109.34668
88,,9205.0,9621.93,9115.16,9578.52,134.297435
89,,9579.0,9603.73,9315.99,9424.31,74.027066
90,,9424.49,9739.0,9342.66,9698.33,116.297491
91,,9701.31,9701.84,9398.65,9469.22,93.62073
92,,9449.84,10370.58,9424.72,10195.38,204.162993
93,,10200.0,10220.0,9283.85,9522.74,333.598459
94,,9514.23,9685.01,9391.9,9652.01,78.968367
95,,9669.5,9880.8,9455.0,9792.39,120.887073
96,,9790.74,9849.29,9602.38,9628.52,110.72022
97,,9613.97,9733.85,9537.9,9661.48,74.655262
98,,9667.25,9818.8,9365.7,9748.82,147.422656
99,,9750.29,9801.01,9633.08,9774.31,78.641054
100,,9781.05,9872.56,9560.14,9772.99,140.769326
101,,9764.48,9986.78,9695.99,9886.32,149.387852
102,,9886.35,9958.93,9081.1,9269.7,257.614062
103,,9258.29,9549.99,9242.21,9463.82,126.715209
104,,9463.82,9489.97,9351.22,9465.95,39.62649
105,,9462.31,9462.31,9245.04,9346.38,62.17131
106,,9323.26,9495.0,8923.23,9430.51,149.844349
107,,9421.95,9587.03,9377.5,9529.1,96.535418
108,,9528.14,9564.15,9250.0,9463.47,87.384654
109,,9463.85,9483.41,9286.73,9390.23,49.784917
110,,9385.73,9438.96,9242.62,9314.01,77.608082
111,,9307.95,9396.76,9167.99,9353.98,46.640534
112,,9358.32,9417.09,9283.57,9294.41,42.988649
113,,9291.44,9777.15,9271.84,9680.86,119.48478
114,,9689.28,9716.54,9550.0,9613.86,48.806607
115,,9625.71,9662.99,9211.35,9308.03,147.900737
116,,9294.78,9334.94,9002.74,9254.68,111.484607
117,,9249.2,9295.87,9050.0,9161.8,95.466447
118,,9162.35,9195.6,8835.06,9009.86,144.180415
119,,8993.25,9191.26,8943.61,9118.09,62.387264
120,,9119.02,9238.72,9027.5,9182.67,61.122479
121,,9198.47,9199.66,9063.2,9132.51,52.005473
122,,9132.29,9289.52,9090.31,9231.97,90.950834
123,,9232.35,9257.75,8948.28,9085.99,107.69768
124,,9080.24,9121.51,9042.4,9058.26,38.005977
125,,9056.63,9191.9,9043.13,9139.68,64.979986
126,,9137.3,9141.86,8909.4,9075.83,84.816948
127,,9067.38,9369.88,9056.59,9344.62,114.066302
128,,9344.15,9377.18,9206.54,9258.09,52.013121
129,,9262.19,9464.26,9233.38,9425.13,120.262634
130,,9429.96,9432.63,9170.0,9234.39,68.515538
131,,9232.87,9315.3,9125.78,9285.54,70.074404
132,,9288.49,9298.97,9180.0,9233.85,28.973751
133,,9230.97,9342.64,9159.78,9300.0,67.36077
134,,9300.0,9342.86,9198.53,9241.03,134.614116
135,,9241.88,9279.55,9107.84,9255.02,76.47142
136,,9254.55,9274.12,9159.37,9201.51,56.09703
137,,9196.53,9221.29,9043.3,9130.79,51.932473
138,,9135.09,9181.95,9089.05,9153.08,26.467403
139,,9147.68,9205.47,9122.89,9164.84,33.498036
140,,9170.52,9230.85,9106.76,9210.99,33.556284
141,,9215.16,9220.16,9136.12,9162.0,49.3685
142,,9162.0,9431.33,9154.02,9386.46,137.426654
143,,9388.52,9541.97,9285.13,9518.56,87.148336
144,,9520.51,9661.18,9450.0,9608.7,95.568669
145,,9601.25,9633.98,9474.37,9542.14,81.623787
146,,9541.82,9729.47,9535.47,9699.66,135.852592
147,,9689.94,10130.38,9652.79,9919.91,240.596076
148,,9933.23,11387.17,9923.16,11025.59,1050.896514
149,,11032.42,11236.42,10587.94,10912.79,528.408639
150,,10908.96,11339.99,10833.19,11100.0,159.445256
151,,11083.58,11168.31,10833.85,11100.77,84.020996
152,,11100.76,11436.77,10963.8,11342.27,120.559704
153,,11339.93,11857.49,11229.46,11807.44,181.397571
154,,11795.37,12106.78,10601.02,11051.39,331.082702
155,,11071.37,11474.76,10930.95,11218.62,151.111532
156,,11219.18,11414.12,11017.99,11174.62,136.617914
157,,11190.23,11779.04,11091.69,11749.51,169.299941
158,,11748.49,11902.45,11572.96,11760.52,108.645536
159,,11762.52,11904.26,11503.63,11572.13,110.611031
160,,11592.57,11803.91,11527.84,11753.11,129.942061
161,,11762.89,11795.97,11530.0,11667.78,82.826894
162,,11681.74,12059.94,11442.01,11882.65,171.984429
163,,11891.62,11934.6,11119.32,11392.15,176.360102
164,,11389.33,11618.25,11146.46,11566.44,94.555925
165,,11571.37,11790.01,11276.57,11764.66,128.801882
166,,11787.67,11853.21,11638.15,11760.4,119.845929
167,,11762.81,11976.18,11691.56,11867.17,104.310058
168,,11851.89,11928.76,11692.07,11912.1,41.130538
169,,11913.37,12464.2,11770.68,12271.4,202.88071
170,,12285.28,12384.95,11820.0,11957.77,139.84325
171,,11941.63,12001.73,11565.01,11742.87,167.012969
172,,11750.08,11878.82,11678.38,11864.51,56.581385
173,,11851.42,11879.76,11490.0,11528.2,114.564867
174,,11514.42,11684.68,11384.2,11658.24,53.6814
175,,11656.27,11706.78,11515.35,11649.35,27.752399
176,,11649.27,11827.84,11385.16,11759.18,191.348515
177,,11744.45,11761.99,11125.0,11329.12,105.545491
178,,11317.73,11536.32,11255.11,11466.43,55.228375
179,,11460.4,11588.68,11125.66,11320.03,121.947578
180,,11329.22,11539.86,11275.76,11527.41,59.705649
181,,11527.41,11573.28,11420.47,11481.9,42.574429
182,,11467.58,11710.0,11467.58,11692.8,41.284754
183,,11714.43,11773.44,11575.0,11655.0,60.363601
184,,11648.13,12048.89,11532.85,11915.67,83.807537
185,,11913.71,11947.02,11161.84,11385.77,170.701557
186,,11382.69,11455.74,9976.71,10158.14,318.497458
187,,10149.12,10618.52,9907.49,10459.2,250.945714
188,,10443.53,10560.98,9826.51,10147.46,333.873799
189,,10170.2,10335.04,10002.52,10250.85,85.717951
190,,10249.99,10403.75,9875.32,10356.73,160.5332
191,,10386.73,10438.09,9844.19,10120.33,266.811627
192,,10126.18,10348.12,9981.24,10214.95,64.174465
193,,10212.98,10475.88,10212.98,10338.7,85.8209
194,,10335.36,10398.01,10201.72,10389.64,46.121523
195,,10396.34,10478.71,10274.92,10440.68,48.727279
196,,10447.72,10576.06,10215.95,10316.74,80.157771
197,,10324.08,10754.08,10247.48,10656.2,93.321583
198,,10674.48,10926.64,10617.66,10765.22,87.000065
199,,10779.76,11089.47,10667.62,10948.61,68.511269
200,,10951.48,11044.24,10748.77,10941.2,89.084524
201,,10942.84,11036.46,10814.42,10934.34,60.137806
202,,10933.91,11181.99,10894.54,11079.87,55.339778
203,,11066.01,11075.73,10763.18,10913.29,71.554164
204,,10923.84,10987.0,10298.1,10430.45,91.00968
205,,10419.57,10573.23,10361.39,10520.66,48.576996
206,,10529.4,10533.36,10145.54,10231.48,117.267695
207,,10242.56,10789.58,10209.09,10732.42,88.732532
208,,10736.88,10761.38,10525.5,10680.3,93.693196
209,,10686.29,10814.86,10650.24,10728.21,45.319597
210,,10738.3,10799.34,10596.51,10769.13,37.35364
211,,10782.36,10940.96,10644.91,10700.46,116.440201
212,,10690.79,10867.58,10636.31,10841.38,52.665951
213,,10845.75,10851.53,10664.15,10772.67,38.973629
214,,10782.79,10912.76,10456.66,10621.97,144.012703
215,,10595.89,10660.0,10379.18,10570.64,114.649594
216,,10570.48,10599.24,10497.13,10539.04,23.280934
217,,10532.08,10699.07,10523.1,10666.54,37.834739
218,,10661.45,10786.07,10619.54,10783.0,56.935442
219,,10796.67,10796.67,10528.95,10598.86,77.009374
220,,10599.05,10676.29,10548.27,10667.21,35.546306
221,,10667.45,10943.29,10541.0,10926.78,94.8116
222,,10928.95,11100.0,10831.05,11057.75,95.004261
223,,11060.37,11475.47,11057.74,11296.19,140.199952
224,,11306.83,11436.8,11275.24,11377.21,74.397888
225,,11369.31,11719.0,11167.04,11534.76,134.332044
226,,11540.74,11553.07,11312.4,11424.77,138.964645
227,,11422.09,11537.37,11287.37,11421.15,75.071559
228,,11422.59,11608.99,11257.86,11489.69,107.741197
229,,11501.56,11539.27,11206.51,11315.48,95.416234
230,,11317.69,11404.41,11256.67,11358.66,35.236774
231,,11360.85,11503.2,11349.42,11500.57,65.917617
232,,11504.77,11815.88,11410.0,11739.23,131.840508
233,,11753.05,12033.02,11685.0,11916.7,166.701005
234,,11916.19,13211.49,10150.0,12785.0,444.383901
235,,12785.0,13180.8,12695.95,12983.94,208.686311
236,,12974.31,13021.75,12730.13,12929.34,99.930428
237,,12934.27,13163.6,12879.02,13106.87,83.046723
238,,13106.95,13344.21,12893.93,13025.11,140.651331
239,,13032.8,13229.63,12772.58,13062.42,128.888493
240,,13054.78,13786.29,13047.35,13634.68,164.746622
241,,13634.29,13853.49,12904.63,13281.6,167.828912
242,,13267.84,13641.89,12980.0,13441.16,149.862522
243,,13453.21,13664.48,13120.56,13559.91,166.81886
244,,13560.0,14091.73,13425.16,13799.01,146.758494
245,,13779.65,13886.42,13629.62,13749.69,49.02653
246,,13758.45,13826.8,13201.67,13572.31,150.251675
247,,13563.01,14067.12,13300.0,14013.83,133.245653
248,,14018.0,14247.19,13540.77,14141.89,198.083696
249,,14147.64,15754.48,14097.27,15589.43,257.667349
250,,15585.47,15966.08,15182.77,15569.24,261.716315
251,,15569.4,15755.88,14366.05,14817.32,322.715463
252,,14806.61,15653.9,14706.58,15479.82,139.915455
253,,15512.86,15839.35,14816.86,15323.85,248.022834
254,,15331.79,15453.12,15079.11,15296.25,95.258671
255,,15299.1,15961.88,15280.6,15695.0,133.311825
256,,15704.1,16337.86,15456.66,16284.38,246.024222
257,,16312.14,16467.19,15949.83,16324.84,128.256208
258,,16288.11,16294.17,15714.28,16060.48,92.197255
259,,16072.67,16159.59,15779.45,15948.47,35.504029
260,,15937.16,16883.95,15873.74,16702.53,141.915282
261,,16709.18,17851.64,16552.05,17664.52,282.074364
262,,17654.86,18465.87,17231.66,17776.29,462.331759
263,,17806.97,18175.37,17348.97,17811.0,139.761269
264,,17802.91,18808.03,17752.87,18648.05,209.556679
265,,18664.75,18961.89,18332.83,18690.39,173.283192
266,,18672.48,18746.93,17621.63,18431.25,220.48253
267,,18410.28,18761.43,18014.81,18368.93,193.948248
268,,18362.98,19416.29,18016.39,19157.11,268.147246
269,,19159.52,19486.66,18500.0,18732.46,221.091607
270,,18718.36,18912.1,16217.12,17157.0,805.080083
271,,17164.49,17450.0,16453.41,17137.21,238.306009
272,,17139.08,17874.66,16867.66,17727.7,150.734238
273,,17722.16,18337.11,17525.71,18170.19,130.316145
274,,18183.08,19866.14,18183.08,19695.93,486.304343
275,,19698.3,19884.88,18087.28,18777.93,619.201227
276,,18765.52,19336.66,18332.52,19200.94,355.506234
277,,19197.51,19602.43,18873.45,19421.34,206.958027
278,,19406.98,19525.05,18577.93,18659.04,367.680353
279,,18645.45,19176.51,18500.0,19148.7,98.698618
280,,19137.36,19420.81,18864.86,19371.19,114.295754
281,,19381.11,19428.25,18905.46,19185.21,118.610672
282,,19186.32,19294.07,18188.89,18325.63,263.835347
283,,18321.22,18644.19,17653.54,18546.39,387.659275
284,,18545.62,18550.94,17930.0,18246.54,229.066809
285,,18251.96,18294.08,17566.6,18027.76,369.010743
286,,18032.18,18946.6,18023.06,18811.26,176.851898
287,,18808.78,19420.37,18711.27,19175.96,193.794492
288,,19170.85,19343.45,19007.14,19273.23,203.652912
289,,19279.38,19567.68,19056.5,19428.77,367.574565
290,,19434.32,21537.3,19284.48,21350.8,691.82997
291,,21341.2,23801.6,21235.72,22812.74,913.689501
292,,22814.55,23284.91,22351.06,23107.85,307.900695
293,,23114.04,24172.13,22761.33,23827.87,337.209001
294,,23817.99,24292.51,23081.64,23476.66,341.499371
295,,23460.94,24112.35,21959.66,22739.6,378.437064
296,,22731.75,23830.29,22381.0,23824.13,297.046971
297,,23816.25,24105.18,22600.0,23223.32,384.221958
298,,23227.24,23795.75,22710.57,23725.66,289.284576
299,,23733.42,24781.0,23433.62,24698.7,345.775419
300,,24713.78,26855.06,24489.33,26472.63,336.38024
301,,26507.22,28419.58,25820.0,26281.85,651.828424
302,,26280.53,27496.94,26099.46,27084.18,330.105349
303,,27090.86,27404.86,25898.79,27359.58,281.974164
304,,27385.02,28993.55,27385.02,28873.33,473.383663
305,,28879.64,29313.26,27901.0,28905.32,438.695879
306,,28933.86,29611.51,28649.46,29305.29,298.357085
307,,29321.41,33271.38,28955.02,32162.01,667.482338
308,,32174.75,34776.59,31942.96,33031.74,701.951087
309,,33034.55,33593.47,27500.0,32005.27,987.279894
310,,31996.54,34392.59,29937.69,33946.09,765.314265
311,,33939.15,36935.58,33319.67,36756.07,864.714279
312,,36761.31,40358.96,35813.86,39444.65,770.127274
313,,39437.66,41958.85,36589.0,40597.2,967.349503
314,,40574.89,41371.87,38739.22,40090.54,484.910296
315,,40092.11,41330.71,35200.0,38182.97,740.145562
316,,38166.79,38288.44,30471.78,35438.75,1870.951319
317,,35438.75,36600.1,32600.0,34041.15,919.597427
318,,34044.28,37805.88,32403.05,37351.77,843.629073
319,,37329.13,40100.54,36766.07,39175.88,407.515497
320,,39138.66,39723.34,34444.39,36732.12,554.127909
321,,36734.73,37948.26,35350.0,35982.21,385.981721
322,,35982.2,36842.5,33859.11,35826.78,308.508956
323,,35841.98,37469.87,34787.46,36627.61,329.067462
324,,36624.79,37848.91,35874.74,35926.59,340.565257
325,,35867.39,36398.16,33351.36,35484.17,525.9541
326,,35464.08,35604.47,30191.0,30748.54,895.465664
327,,30873.21,33827.83,29000.0,33045.55,870.318427
328,,32941.38,33451.56,31400.0,32110.3,210.849721
329,,32064.71,33073.47,30895.25,32276.8,181.797634
330,,32276.46,34860.0,31937.89,32222.22,275.094619
331,,32218.2,32920.0,30831.41,32457.97,247.095624
332,,32493.78,32555.7,29250.0,30356.27,301.390318
333,,30351.17,33780.5,29858.1,33311.17,286.030946
334,,33372.95,38539.39,31929.72,34242.42,987.916825
335,,34282.21,34929.32,32835.91,34240.95,310.242049
336,,34240.99,34334.27,32166.67,33071.34,190.641978
337,,33097.72,34700.0,32287.34,33545.56,215.258484
338,,33491.57,35976.92,33440.11,35505.83,251.941418
339,,35477.64,37652.5,35381.06,37633.27,499.415853
340,,37601.48,38696.53,36181.63,36961.45,794.377078
341,,36935.44,38344.42,36570.91,38306.68,400.513652
342,,38306.68,40958.13,38209.7,39220.16,271.93314
343,,39177.37,39680.56,37360.12,38789.4,365.480765
344,,38796.29,46788.25,38009.78,46386.93,589.688918
345,,46410.03,48123.7,45014.73,46468.4,557.381568
346,,46468.4,47300.0,43700.0,44871.28,477.334904
347,,44871.28,48710.45,43984.89,47961.49,334.624128
348,,47977.55,48986.88,46157.73,47326.29,374.047168
349,,47319.46,48128.28,46233.27,47110.11,292.697171
350,,47138.7,49691.04,47011.23,48589.46,182.839344
351,,48580.94,48983.98,45610.03,47907.41,434.841096
352,,47922.97,50684.84,47037.04,49132.87,449.066676
353,,49167.87,52615.33,48964.28,52039.76,407.383666
354,,52118.97,52520.18,50914.9,51614.67,336.431209
355,,51578.71,56335.12,50738.02,55876.0,327.562147
356,,55929.59,57567.0,53865.08,55858.83,300.738538
357,,55853.06,58361.09,55462.71,57425.47,227.730144
358,,57416.19,57509.4,47913.84,54152.15,567.683143
359,,54118.63,54179.23,44928.36,48903.91,866.735606
360,,48913.96,51356.82,46953.92,49682.98,358.706564
361,,49679.78,52001.06,46708.76,47075.19,333.527721
362,,47013.45,48435.78,44111.32,46314.74,457.138462
363,,46303.21,48375.0,45013.6,46113.12,229.097458
364,,46107.36,46613.27,43000.0,45161.6,372.158691
365,,45161.2,49783.33,44950.13,49617.18,370.249921
366,,49566.16,50204.7,47065.54,48456.72,228.987524
367,,48389.21,52631.64,48148.14,50352.9,255.807299
368,,50377.73,51780.29,47500.0,48373.02,364.099317
369,,48331.2,49430.45,46329.97,48747.32,405.35635
370,,48773.57,49210.46,47055.76,48905.34,274.470343
371,,48893.35,51447.81,48893.35,50960.87,202.240914
372,,50996.74,52395.78,49285.46,52335.07,278.010895
373,,52400.0,54890.0,51847.85,54857.46,312.015916
374,,54889.99,57407.64,52782.18,55955.34,565.980917
375,,55909.78,58129.0,54294.59,57756.57,301.297684
376,,57761.45,58091.65,55052.66,57232.78,392.058973
377,,57178.52,61822.09,56100.0,61173.44,238.846735
378,,61203.75,61697.85,58963.2,58963.2,173.469374
379,,58962.85,60611.01,54583.37,55552.06,467.143221
380,,55565.82,56946.89,53280.97,56946.89,377.453865
381,,56928.63,58974.35,54142.98,58781.2,310.686163
382,,58975.98,60122.56,57024.0,57678.64,250.292898
383,,57623.45,59459.94,56274.68,58143.3,256.335715
384,,58040.59,59876.34,57832.25,58075.12,160.725485
385,,58060.15,58571.99,55459.19,57330.95,174.825296
386,,57392.09,58426.53,53701.96,54076.17,206.56348
387,,54066.67,55829.74,53000.07,54387.68,225.545178
388,,54303.69,57184.47,51000.0,52307.69,323.138914
389,,52294.13,53228.87,50444.23,51304.0,316.578315
390,,51311.64,55091.44,51283.54,55028.38,240.605987
391,,55028.36,56632.08,53944.2,55839.0,194.577652
392,,55823.71,56541.9,54687.88,55773.8,140.569613
393,,55809.0,58401.15,54914.74,57611.51,212.479431
394,,57677.07,59359.65,57076.67,58747.49,143.911921
395,,58717.24,59787.24,56857.7,58773.06,261.078594
396,,58747.08,59487.01,57943.49,58723.68,225.885576
397,,58735.38,60171.61,58444.89,58980.0,278.604685
398,,58958.71,59780.83,56897.85,57054.29,279.639129
399,,57061.2,58482.2,56442.0,58179.83,244.953418
400,,58236.24,59259.78,56801.82,59110.55,194.500456
401,,59131.13,59500.0,57401.96,57995.35,372.22847
402,,57995.35,58643.67,55470.1,55921.81,618.893009
403,,55940.45,58144.15,55690.9,58070.47,239.497105
404,,58081.86,58886.76,57660.43,58114.3,223.299192
405,,58148.26,61353.31,57892.24,59776.67,460.593003
406,,59779.45,60693.74,59231.65,60001.4,400.123347
407,,60002.61,61259.43,59428.57,59870.0,341.193748
408,,59870.0,63749.42,59826.57,63555.57,479.892121
409,,63607.7,64853.59,61321.56,62940.36,738.306728
410,,63019.42,63767.34,62038.65,63161.09,288.18601
411,,63193.73,63510.88,60006.79,61345.0,698.337589
412,,61345.0,62500.0,59608.3,60000.96,355.803604
413,,60010.75,60366.84,51000.74,56155.11,1810.623187
414,,56152.95,57513.51,54242.56,55607.18,761.96758
415,,55623.02,57084.74,53353.6,56430.65,923.594545
416,,56430.65,56756.47,53626.3,53788.72,636.905988
417,,53806.36,55463.66,50481.03,51694.18,1169.265697
418,,51692.95,52119.17,47509.6,51121.61,963.76669
419,,51125.96,51186.03,48675.17,50042.37,455.961209
420,,50082.49,50571.42,46957.72,49063.82,776.05531
421,,49082.7,54333.33,48777.77,54019.14,867.406534
422,,53991.9,55447.05,53248.44,55008.96,628.331125
423,,55012.03,56427.44,53813.23,54831.52,576.4614
424,,54871.95,55190.72,52328.22,53557.33,420.210864
425,,53557.85,57915.1,53051.59,57707.15,599.026329
426,,57698.27,58467.76,57003.72,57780.38,382.413561
427,,57800.0,57913.32,56057.84,56577.85,374.101697
428,,56577.85,58964.91,56463.54,57162.07,507.009012
429,,57162.08,57189.19,53084.81,53206.25,853.466002
430,,53196.41,57988.13,52914.2,57430.25,818.784275
431,,57439.07,58358.14,55267.08,56404.09,633.36826
432,,56410.73,58657.56,55219.66,57328.39,625.311178
433,,57303.44,59615.9,56933.24,58861.73,548.632419
434,,58881.25,59223.28,56266.44,58235.83,535.560584
435,,58253.12,59516.44,53588.23,55815.35,916.84421
436,,55795.74,56886.54,54484.15,56674.93,503.489901
437,,56679.21,57995.75,48645.6,49734.81,852.650386
438,,49666.15,51367.91,45825.78,49669.51,1946.043354
439,,49651.56,51470.82,48830.57,49850.56,519.566248
440,,49856.09,50689.76,46561.24,46764.44,520.721006
441,,46764.43,49785.42,43879.82,46431.1,1076.519614
442,,46413.31,46612.88,42113.36,43547.02,1342.450469
443,,43584.18,45783.51,42252.71,42848.25,835.253153
444,,42858.47,43586.43,30116.81,36653.5,3229.080039
445,,36672.13,42415.23,34933.59,40517.63,2607.465859
446,,40502.48,42201.52,33500.0,37269.42,2874.142127
447,,37199.43,38831.23,35215.38,37459.95,1835.644948
448,,37457.21,38272.17,31109.0,34646.69,2893.844956
449,,34668.82,39916.7,34383.3,38800.0,1350.74981
450,,38800.0,39802.98,36445.8,38346.31,1254.662927
451,,38330.47,40834.13,37807.82,39229.25,1129.246372
452,,39220.87,40397.39,37138.13,38517.1,1117.809695
453,,38531.8,38868.51,34703.49,35648.81,1922.337302
454,,35666.61,37306.11,33629.63,34598.17,2000.245242
455,,34605.72,36497.16,33390.67,35644.74,804.187816
456,,35623.36,37492.93,34159.81,37278.91,929.837321
457,,37260.86,37907.9,35673.63,36661.22,863.296474
458,,36699.03,38226.44,35937.84,37579.07,511.252851
459,,37553.86,39467.3,37159.14,39235.62,501.372308
460,,39249.74,39291.0,35580.6,36849.63,761.906576
461,,36827.12,37909.11,34813.63,35520.64,692.967896
462,,35520.63,36466.16,35229.93,35800.33,450.638409
463,,35786.7,36796.64,33293.73,33574.51,736.999312
464,,33551.19,34062.08,31007.99,33375.75,1135.773614
465,,33384.21,37529.42,32400.0,37387.12,1254.513945
466,,37398.73,38429.32,35793.04,36656.06,985.865997
467,,36730.0,37667.81,35954.63,37336.65,765.615706
468,,37348.27,37454.93,34600.83,35528.99,652.202114
469,,35528.99,39362.54,34772.02,39017.71,780.296094
470,,39032.5,41045.45,38739.09,40522.72,849.361417
471,,40528.17,41356.9,39536.75,40154.51,610.275926
472,,40134.0,40522.07,38119.12,38351.86,675.958044
473,,38330.04,39542.38,37378.93,38094.04,764.534361
474,,38063.65,38195.67,31000.0,35824.6,1084.997908
475,,35814.46,36452.48,34830.14,35493.08,874.417075
476,,35484.89,36132.13,33342.36,35593.24,1259.84697
477,,35608.32,35742.84,31254.29,31616.31,3321.749211
478,,31614.45,33295.8,28812.78,32496.39,2127.805597
479,,32509.3,34838.8,31670.94,33664.27,1836.143088
480,,33675.5,35279.2,32313.37,34653.19,1034.194571
481,,34711.06,35499.14,31270.83,31592.52,1289.67848
482,,31578.88,32711.25,30161.2,32271.79,1662.163429
483,,32294.65,34748.64,32000.19,34692.49,1102.643534
484,,34709.02,35285.42,33884.84,34487.91,731.538894
485,,34487.57,36605.26,34235.93,35922.17,656.54945
486,,35894.9,36088.87,34013.34,35036.58,558.669277
487,,35048.78,35048.78,32720.03,33506.98,786.487139
488,,33502.26,33971.12,32698.4,33796.99,654.513379
489,,33831.62,34943.45,33322.38,34680.62,329.473886
490,,34648.23,35955.94,34374.99,35280.51,290.759907
491,,35271.85,35271.85,33138.52,33704.45,452.172232
492,,33693.05,35098.77,33532.93,34217.95,419.553226
493,,34178.7,35050.0,33789.71,33856.82,248.928842
494,,33849.49,33910.81,32082.19,32865.32,409.384321
495,,32825.9,34098.94,32269.96,33800.0,219.250004
496,,33809.13,34259.02,33037.11,33521.39,144.937288
497,,33507.55,34608.53,33315.62,34219.66,114.949624
498,,34257.39,34672.14,32660.9,33095.72,222.171472
499,,33080.47,33333.33,32212.0,32735.35,229.918775
500,,32720.31,33101.8,31592.44,32833.28,315.796934
501,,32804.36,33190.35,31146.74,31880.94,268.997992
502,,31868.53,32246.13,31032.34,31384.87,241.814452
503,,31373.98,31962.49,31173.03,31496.21,154.382012
504,,31485.79,32440.18,31111.12,31772.22,148.102181
505,,31796.51,31893.64,30418.08,30807.0,221.956478
506,,30836.68,31058.04,29285.64,29793.14,311.156764
507,,29817.41,32827.16,29485.51,32137.9,508.029604
508,,32136.1,32585.53,31717.4,32288.45,210.069007
509,,32309.79,33629.45,31988.51,33617.19,253.381513
510,,33631.54,34487.56,33406.18,34256.95,206.847126
511,,34257.61,35400.0,33859.48,35376.42,182.421594
512,,35400.17,40552.97,35228.72,37238.35,1520.271596
513,,37228.04,39539.28,36388.38,39451.15,1240.66946
514,,39478.73,40904.2,38801.68,40004.07,1508.581574
515,,40015.28,40638.33,39246.14,40024.95,690.60712
516,,40036.67,42304.59,38319.41,42184.71,880.797299
517,,42202.67,42406.06,41042.3,41467.43,613.804641
518,,41454.28,42572.97,39435.07,39867.61,726.429297
519,,39854.9,40448.59,38690.0,39134.75,720.230539
520,,39131.81,39772.59,37624.27,38207.64,854.945391
521,,38187.16,39960.18,37502.81,39717.83,910.347618
522,,39734.44,41351.73,37324.64,40850.68,949.729226
523,,40879.64,43357.2,39871.81,42778.58,1078.789467
524,,42840.78,44703.76,42466.76,44569.13,739.671574
525,,44591.85,45323.78,43267.87,43800.1,897.223522
526,,43787.81,46450.0,42792.26,46259.86,898.425457
527,,46266.87,46729.77,44646.75,45607.09,536.456836
528,,45571.98,46756.6,45337.43,45514.26,572.938043
529,,45514.26,46225.03,43774.29,44413.58,802.047075
530,,44417.93,47887.04,44232.45,47810.29,571.206019
531,,47808.98,48142.35,46007.85,47057.95,525.211238
532,,47088.11,47369.86,45498.97,47026.59,444.754706
533,,46968.06,48042.76,45666.66,45910.68,601.57376
534,,45892.51,47165.41,44387.37,44684.76,560.283212
535,,44687.23,46015.73,44210.52,44712.79,553.942528
536,,44719.39,47037.31,43946.05,46766.09,571.692102
537,,46773.08,49398.55,46654.37,49330.28,530.624469
538,,49326.73,49786.94,48250.0,48828.44,423.011787
539,,48811.93,49491.21,48053.85,49237.98,334.488609
540,,49256.32,50519.73,49033.55,49511.25,347.963542
541,,49471.73,49855.83,47600.74,47687.62,408.902002
542,,47691.39,49249.38,47124.15,48992.13,317.386566
543,,48981.39,49352.48,46289.31,46832.32,493.754659
544,,46853.72,49145.45,46346.8,49065.69,342.391413
545,,49058.85,49294.85,48351.66,48893.12,196.051516
546,,48904.82,49625.73,47766.64,48766.23,286.036849
547,,48766.23,48864.24,46860.25,46973.36,330.597106
548,,46971.17,48244.76,46700.0,47104.02,286.739779
549,,47094.77,49154.87,46523.64,48824.52,310.557194
550,,48824.63,50368.39,48599.52,49262.09,350.822048
551,,49261.75,51036.51,48344.77,50006.77,526.533146
552,,49993.48,50527.47,49374.49,49924.04,214.21538
553,,49938.74,51884.48,49461.18,51766.08,223.970273
554,,51771.94,52777.26,51000.0,52670.46,306.111485
555,,52655.13,52921.17,42842.06,46854.08,1137.487028
556,,46852.57,47332.92,44404.0,46076.92,848.989813
557,,46063.39,47399.7,45523.81,46376.72,487.663798
558,,46370.43,47046.55,44129.41,44855.96,465.792272
559,,44838.69,45988.21,44722.75,45148.04,247.914549
560,,45162.55,46482.91,44747.08,46027.77,225.996135
561,,46032.51,46868.0,43400.01,44966.38,769.224898
562,,44953.61,47253.93,44646.41,47115.67,401.86439
563,,47088.05,48449.82,46693.49,48122.51,242.342119
564,,48132.64,48483.87,47019.16,47778.21,235.202393
565,,47761.34,48149.99,46750.0,47297.06,321.851847
566,,47297.06,48822.96,47043.47,48298.24,309.632992
567,,48280.26,48358.1,46841.36,47253.0,317.519974
568,,47260.38,47335.39,42477.34,43024.3,1333.091361
569,,43017.59,43628.08,39601.76,40711.34,670.608756
570,,40742.78,44044.97,40573.44,43569.32,308.481947
571,,43545.89,44970.0,43081.39,44873.52,492.04772
572,,44856.8,45166.9,40701.68,42825.93,495.596922
573,,42816.59,42971.84,41660.34,42691.47,428.330488
574,,42674.74,43947.66,40753.56,43157.31,299.6972
575,,43138.88,44357.56,42101.09,42163.05,207.507216
576,,42135.62,42761.9,40878.18,41027.56,212.982702
577,,41027.56,42600.0,40753.27,41540.88,159.839779
578,,41540.87,44107.61,41413.79,43814.04,230.712581
579,,43825.91,48454.35,43296.61,48141.86,434.783915
580,,48141.86,48329.32,47432.44,47673.42,92.462526
581,,47652.54,49213.41,47085.02,48193.6,140.454943
582,,48188.92,49490.82,46902.4,49209.86,231.397469
583,,49209.98,51887.58,49048.35,51472.55,242.549091
584,,51453.36,55763.34,50399.09,55314.08,578.993271
585,,55326.96,55335.86,53372.79,53759.47,319.263736
586,,53786.77,56108.63,53626.09,53931.59,202.765858
587,,53974.27,55469.69,53673.33,54909.73,94.383476
588,,54929.4,56517.37,54106.64,54632.2,159.560014
589,,54650.0,57828.75,54425.55,57472.39,196.150945
590,,57452.25,57667.6,53918.36,56008.43,304.384578
591,,55994.38,57767.57,54243.01,57381.02,330.799268
592,,57374.38,58522.72,56838.93,57323.25,257.861185
593,,57335.18,62921.75,56868.66,61692.71,568.478276
594,,61705.9,62355.71,60152.52,60875.66,193.45106
595,,60882.41,61765.36,58950.0,61522.79,264.328583
596,,61558.1,62697.12,59887.66,62069.63,363.712873
597,,62035.82,64470.07,61361.15,64287.6,535.998815
598,,64300.48,67018.63,63511.28,66010.31,368.213992
599,,65991.72,66642.09,62003.91,62202.64,527.213957
600,,62202.64,63718.37,60022.06,60701.38,355.27964
601,,60666.1,61729.12,59602.68,61291.02,146.715675
602,,61312.35,61456.99,59525.69,60869.33,190.081443
603,,60886.74,63723.55,60644.15,63079.59,182.497893
604,,63099.08,63287.36,59852.95,60312.97,216.903533
605,,60301.41,61475.81,58035.54,58409.03,408.39149
606,,58435.87,62459.33,57802.53,60596.98,626.118139
607,,60564.1,62955.51,60188.25,62252.25,396.651846
608,,62275.71,62355.63,60732.29,61870.93,231.412042
609,,61882.1,62389.28,59967.91,61311.4,262.520374
610,,61336.41,62428.57,59430.32,60913.6,353.261199
611,,60891.41,64266.13,60650.37,63180.46,301.599019
612,,63224.11,63514.5,60069.42,62896.54,399.915045
613,,62912.21,63115.47,60678.25,61424.36,322.759893
614,,61383.49,62584.47,60727.49,60975.0,233.404191
615,,60924.14,61550.72,60068.81,61465.74,167.22456
616,,61465.74,63282.63,61317.02,63266.35,196.214406
617,,63266.35,67773.37,63266.35,67530.41,415.196129
618,,67548.75,68534.87,66230.0,66902.74,324.379486
619,,66956.22,69011.86,62876.09,64922.02,572.386663
620,,64839.59,65595.87,64112.24,64781.2,263.199936
621,,64781.2,65455.1,62254.23,64163.06,320.149399
622,,64120.23,64961.44,63382.24,64374.97,105.074003
623,,64412.42,65512.38,63588.82,65512.38,173.664208
624,,65504.62,66323.84,63414.52,63601.17,205.837938
625,,63611.74,63611.74,58562.5,60082.69,663.185431
626,,60056.9,60815.33,58383.53,60359.33,285.343089
627,,60356.32,60968.31,56459.84,56893.67,558.469064
628,,56878.24,58325.33,55589.06,58055.9,304.339564
629,,58083.08,59840.82,57373.63,59691.07,182.640552
630,,59699.3,60015.0,58511.38,58636.83,155.736444
631,,58612.01,59419.76,55610.03,56270.12,454.657021
632,,56233.11,57850.46,55373.29,57557.38,506.736364
633,,57562.46,57722.85,55882.76,57181.79,318.365728
634,,57146.09,59386.73,57002.23,58920.0,310.981716
635,,58990.0,59177.7,53484.35,53738.41,551.084731
636,,53720.4,55272.05,53623.82,54781.48,118.654099
637,,54607.42,57427.05,53293.11,57315.18,202.788018
638,,57318.34,58850.29,56676.38,57785.64,218.608689
639,,57774.66,59169.19,55873.06,56938.26,364.147211
640,,56975.25,59037.85,56468.39,57211.7,241.850967
641,,57178.62,57368.02,55789.75,56520.76,167.960101
642,,56544.33,57601.83,51694.02,53624.36,342.88023
643,,53647.22,53854.41,41582.75,49181.98,1029.99014
644,,49189.69,49681.1,47760.62,49391.47,225.157464
645,,49393.93,50901.02,47146.36,50479.63,340.80653
646,,50455.88,51923.92,50028.51,50571.59,186.483445
647,,50591.23,51182.86,48612.97,50434.23,177.887907
648,,50500.12,50790.76,47319.19,47597.02,193.241055
649,,47660.32,50094.97,46879.9,47155.25,269.083313
650,,47136.61,49473.68,46754.34,49381.58,137.503939
651,,49401.13,50769.99,48651.42,50065.68,180.681341
652,,50049.14,50176.72,45733.1,46742.7,358.027503
653,,46649.95,48658.32,46290.46,48348.14,187.918934
654,,48348.14,49475.15,46554.14,48856.83,356.123007
655,,48860.61,49421.34,47508.64,47645.98,144.114739
656,,47589.97,47981.39,45471.15,46198.74,176.837447
657,,46127.67,47338.53,45517.26,46833.79,74.661085
658,,46806.02,48296.15,46419.83,46687.36,98.544189
659,,46670.19,47528.65,45566.09,46895.53,116.857343
660,,46925.88,49296.54,46666.66,48860.67,157.793341
661,,48917.45,49556.78,48447.73,48583.5,101.194079
662,,48626.93,51378.06,48020.2,50789.62,146.365645
663,,50840.26,51818.46,50424.24,50801.29,90.465869
664,,50836.15,51140.54,50131.56,50418.07,55.915901
665,,50390.05,51300.0,49433.78,50752.76,85.915949
666,,50771.09,52082.54,50458.74,50662.87,107.132944
667,,50708.38,50708.38,47315.88,47533.28,183.875966
668,,47570.65,48138.91,46099.81,46436.79,134.338882
669,,46475.35,47895.8,45942.1,47135.98,123.647337
670,,47105.87,48559.05,45669.33,46213.76,158.73882
671,,46192.43,47939.39,46192.43,47737.6,108.92603
672,,47716.44,47975.79,46675.97,47339.15,86.077014
673,,47300.67,47573.7,45688.53,46438.64,134.352863
674,,46494.93,47535.3,45518.0,45849.98,98.406846
675,,45838.76,47056.53,42504.51,43438.22,282.935453
676,,43438.22,43769.41,42416.13,43142.34,148.216362
677,,43100.84,43145.95,40595.47,41544.89,325.36647
678,,41625.05,42318.07,40502.75,41691.66,180.698146
679,,41696.34,42784.53,41221.57,41874.55,115.056972
680,,41842.71,42225.13,39653.48,41816.54,292.533467
681,,41840.61,43104.42,41271.84,42745.68,211.780839
682,,42742.1,44306.78,42439.0,43904.77,166.471703
683,,43930.4,44422.59,42322.19,42543.91,219.541583
684,,42585.13,43441.29,41770.37,43075.54,153.185975
685,,43062.89,43789.47,42565.65,43075.87,131.652068
686,,43082.67,43478.57,42606.27,43070.22,188.783103
687,,43087.26,43173.19,41553.63,42205.13,109.542755
688,,42214.43,42681.88,41276.22,42361.58,131.986052
689,,42364.8,42561.91,41151.51,41660.51,222.694618
690,,41664.64,43505.05,40564.54,40690.58,241.916092
691,,40675.63,41093.77,35450.11,36474.82,820.242503
692,,36445.31,36832.05,34026.25,35072.22,649.453953
693,,35083.42,36500.0,34613.26,36264.17,323.141616
694,,36254.02,37529.16,32946.64,36638.61,848.892627
695,,36674.79,37534.02,35698.66,36944.5,166.719889
696,,36970.03,38899.87,36263.62,36806.1,260.837572
697,,36721.62,37222.22,35521.43,37189.32,194.804451
698,,37166.12,38000.0,36173.91,37745.25,117.730098
699,,37743.43,38710.64,37304.95,38155.0,166.421527
700,,38161.39,38367.74,37346.43,37917.6,123.075997
701,,37937.51,38731.81,36633.56,38477.61,232.94102
702,,38471.0,39290.74,38011.11,38694.4,294.273931
703,,38721.1,38857.95,36596.2,36907.94,202.048585
704,,36901.29,37354.27,36256.76,37296.17,227.736013
705,,37333.73,41786.18,37039.57,41578.7,478.786058
706,,41578.72,41913.84,40938.83,41413.49,182.508622
707,,41450.64,42668.93,41125.74,42412.6,156.954855
708,,42407.23,44502.93,41652.86,43822.1,343.48216
709,,43854.64,45483.41,42673.45,44027.06,458.743737
710,,44081.06,44803.47,43136.03,44382.13,266.098958
711,,44393.58,45827.12,43182.61,43489.69,699.980349
712,,43468.76,43916.66,41946.24,42398.13,351.878349
713,,42366.25,43000.25,41714.68,42252.67,178.724378
714,,42236.48,42753.36,41873.25,42032.23,100.461391
715,,42087.0,42837.67,41563.49,42541.22,206.496837
716,,42558.44,44742.18,42446.68,44536.2,235.731616
717,,44561.6,44561.6,43318.04,43892.43,130.720181
718,,43865.89,44157.76,40071.06,40564.25,359.031834
719,,40481.43,40994.37,39454.86,40010.25,282.172629
720,,39983.62,40446.06,39650.23,40119.04,54.906016
721,,40099.81,40103.58,37988.68,38339.8,181.970588
722,,38427.93,39477.48,36811.44,37027.25,499.920163
723,,37035.04,38414.17,36353.07,38211.48,313.154546
724,,38239.0,39237.59,37062.43,37202.52,184.575756
725,,37225.4,39788.79,34316.84,38297.1,788.816769
726,,38330.65,39678.96,38013.13,39221.12,255.70831
727,,39201.13,40283.92,38586.13,39111.11,142.971765
728,,39129.2,39850.71,36999.09,37691.03,282.099937
729,,37690.35,44209.56,37442.99,43170.95,585.939547
730,,43193.64,44950.0,42844.8,44396.56,242.320383
731,,44400.0,45300.0,43343.96,43925.39,289.671327
732,,43848.26,44085.03,41823.29,42466.67,141.903472
733,,42476.78,42504.22,38565.08,39123.41,158.787156
734,,39128.91,39597.29,38586.13,39405.13,76.470685
735,,39381.39,39678.96,38075.6,38403.71,124.69034
736,,38398.05,39541.2,37153.29,38000.0,162.718685
737,,37979.03,39359.38,37880.62,38760.68,170.05626
738,,38709.43,42662.68,38656.31,41946.36,278.60096
739,,41965.73,42057.09,38550.97,39405.57,308.395251
740,,39433.86,40222.22,38229.88,38737.06,186.321679
741,,38730.94,39456.79,38664.07,38831.47,72.765824
742,,38794.64,39312.15,37591.9,37801.76,91.257149
743,,37775.87,39907.26,37565.35,39678.82,105.331676
744,,39689.38,39878.76,38130.01,39323.72,116.456684
745,,39300.53,41693.93,38851.4,41130.24,326.952225
746,,41106.25,41457.33,40510.27,40928.58,88.30345
747,,40921.53,42325.56,40161.91,41740.59,104.403429
748,,41814.57,42384.8,41518.77,42191.28,69.351241
749,,42216.84,42278.03,40911.7,41210.22,80.230749
750,,41259.74,41537.18,40490.29,41026.23,91.883464
751,,41000.78,43327.15,40888.53,42336.46,160.27039
752,,42372.03,43025.16,41752.56,42899.87,123.224956
753,,42896.38,44214.84,42611.81,43970.89,121.653184
754,,43970.9,45083.72,43569.36,44272.03,97.125217
755,,44319.69,44788.05,44068.01,44540.58,43.22388
756,,44530.04,46974.31,44430.17,46829.01,107.16026
757,,46818.97,48203.19,46663.72,47071.72,178.701275
758,,47092.34,48101.76,46911.88,47423.0,93.715067
759,,47453.01,47694.91,46543.42,46966.07,102.184306
760,,47058.6,47601.77,45208.16,45483.67,100.26904
761,,45492.82,46708.66,44229.11,46267.8,102.550555
762,,46274.2,47207.71,45631.46,45808.74,90.287264
763,,45798.39,47443.47,45506.33,46397.51,91.060307
764,,46402.64,46881.5,45118.34,46586.31,116.845379
765,,46600.33,47189.77,45373.43,45507.23,81.579477
766,,45478.05,45500.7,43127.38,43127.38,140.713292
767,,43158.72,43902.18,42743.1,43477.16,61.474214
768,,43465.23,43975.83,42106.44,42287.25,85.41257
769,,42240.35,42792.28,42131.46,42776.93,35.56458
770,,42775.68,43410.43,41872.61,42082.48,62.878373
771,,42082.25,42406.01,39211.5,39530.2,160.300553
772,,39529.98,40778.42,39260.45,40103.5,176.036963
773,,40049.71,41566.78,39576.42,41133.85,181.517424
774,,41074.45,41492.74,39564.77,39905.52,104.642336
775,,39942.37,40850.16,39777.49,40569.57,73.866847
776,,40553.78,40702.54,40000.0,40377.6,51.376009
777,,40377.6,40593.69,39550.0,39682.49,66.614673
778,,39671.76,41077.28,38549.85,40816.76,200.170102
779,,40804.2,41772.07,40577.18,41488.98,111.765252
780,,41480.93,42197.75,40847.45,41368.12,90.062711
781,,41366.5,42966.94,39781.04,40489.91,163.413591
782,,40471.8,40789.48,39184.92,39720.26,133.77744
783,,39709.18,39977.12,39283.86,39428.27,53.504524
784,,39443.96,39927.78,38977.06,39434.87,123.038982
785,,39450.12,40595.71,38200.0,40424.99,268.125274
786,,40424.99,40784.28,37706.39,38131.45,172.764463
787,,38119.83,39464.51,37887.0,39220.8,165.275804
788,,39240.6,40374.52,38887.29,39749.7,126.620153
789,,39749.6,39920.56,38179.9,38600.3,112.075083
790,,38594.59,38789.19,37585.99,37633.06,95.557287
791,,37624.01,38667.84,37400.0,38485.9,108.478017
792,,38482.82,39155.03,38049.85,38517.8,127.688289
793,,38519.49,38642.08,37526.35,37745.43,106.634445
794,,37733.12,40058.21,37658.84,39671.2,124.32594
795,,39690.25,39841.42,35603.03,36558.02,243.301604
796,,36557.51,36680.3,35280.0,36023.1,170.427931
797,,36016.63,36133.66,34792.87,35479.24,99.739475
798,,35465.9,35517.56,33642.05,34063.7,156.691724
799,,34067.56,34242.81,30055.99,30109.56,339.865718
800,,30068.23,32637.33,29758.94,31017.98,892.510819
801,,31010.04,32148.74,27751.17,29113.86,1001.283521
802,,29107.86,30223.66,26580.29,29034.65,795.111687
803,,29034.84,31051.35,28768.0,29314.32,171.260599
804,,29280.19,30327.58,28643.91,30086.0,81.873256
805,,30102.07,31455.3,29489.88,31347.35,131.689876
806,,31314.0,31317.62,29106.15,29878.68,259.534572
807,,29883.67,30769.64,29460.93,30449.21,120.392453
808,,30449.94,30713.8,28655.07,28655.07,165.389675
809,,28712.19,30543.02,28694.5,30321.04,134.07165
810,,30306.58,30759.75,28736.62,29203.99,145.810354
811,,29203.56,29647.2,28950.88,29441.37,87.59979
812,,29441.37,30482.43,29265.65,30286.69,100.59313
813,,30283.65,30661.51,28877.84,29092.0,212.201092
814,,29114.73,29853.83,28679.68,29663.83,95.132446
815,,29642.59,30212.77,29344.02,29540.5,103.291255
816,,29545.91,29879.31,28028.24,29218.87,226.679657
817,,29188.43,29388.43,28262.79,28625.99,185.650949
818,,28619.49,29242.53,28510.39,29042.26,64.546142
819,,29031.49,29582.69,28841.76,29479.0,81.233107
820,,29472.74,32200.0,29303.42,31760.68,197.533881
821,,31743.03,32400.0,30800.0,31785.26,370.734529
822,,31814.89,31978.77,29341.06,29810.54,182.238895
823,,29805.98,30672.86,29600.0,30483.8,131.893465
824,,30450.77,30700.02,29280.83,29704.16,93.371307
825,,29713.66,29963.45,29482.0,29857.95,42.250285
826,,29871.06,30188.61,29533.88,29923.99,47.41567
827,,29913.05,31759.8,29888.09,31389.07,211.125765
828,,31380.08,31572.0,29227.88,31119.2,405.316011
829,,31129.76,31321.79,29858.18,30210.32,236.655892
830,,30205.09,30698.76,29950.95,30106.6,111.202978
831,,30081.11,30361.83,28860.9,29092.31,416.234925
832,,29101.47,29438.49,28116.09,28421.24,265.71722
833,,28428.33,28543.9,26563.88,26605.92,490.741524
834,,26567.95,26878.97,21946.86,22491.54,2187.475274
835,,22478.08,23344.11,20850.78,22129.68,1720.92196
836,,22116.09,22784.93,20107.35,22594.59,1896.1506
837,,22573.55,22991.02,20213.86,20372.31,713.625547
838,,20410.04,21357.99,20246.03,20459.81,427.465932
839,,20460.84,20753.25,17621.36,18981.18,1236.12136
840,,18976.6,20816.54,17967.28,20573.02,1418.743834
841,,20562.4,21071.27,19633.52,20581.14,740.705159
842,,20570.01,21721.44,20360.62,20718.92,545.460148
843,,20729.37,20893.74,19765.53,19990.66,1027.906551
844,,19985.54,21240.41,19886.1,21113.1,1154.579803
845,,21107.16,21554.67,20716.89,21232.7,1083.168323
846,,21242.86,21609.07,20913.53,21492.57,473.342072
847,,21489.82,21882.15,20979.11,21047.27,586.391143
848,,21035.02,21538.4,20520.44,20729.39,706.578276
849,,20735.95,21210.85,20197.04,20280.68,1245.63697
850,,20275.2,20439.6,19851.47,20117.99,2589.682853
851,,20129.62,20170.34,18634.59,19940.13,3450.195515
852,,19956.33,20896.68,18938.8,19272.73,4278.957469
853,,19284.64,19448.82,18985.87,19253.68,1978.595008
854,,19250.87,19638.01,18771.29,19311.49,1181.20005
855,,19318.17,20347.3,19056.52,20238.1,1863.170875
856,,20233.33,20746.4,19303.99,20185.21,2856.16758
857,,20179.63,20665.41,19764.9,20567.15,2200.783659
858,,20569.34,21845.27,20265.0,21624.52,2048.788396
859,,21631.89,22524.95,21181.81,21601.94,3201.803268
860,,21602.92,21966.62,21323.57,21585.81,1495.652609
861,,21590.81,21601.25,20651.96,20857.32,1101.43485
862,,20865.62,20866.66,19890.27,19963.13,1352.068799
863,,19960.72,20060.07,19247.83,19328.04,1810.723807
864,,19323.73,20333.81,18910.87,20237.45,3447.978008
865,,20241.06,20887.74,19620.83,20589.95,2992.041014
866,,20586.9,21200.0,20379.3,20832.31,1681.772136
867,,20824.26,21573.65,20480.1,21204.34,1305.40153
868,,21193.15,21666.3,20752.48,20784.16,577.679989
869,,20794.4,22765.2,20775.26,22430.75,2076.845181
870,,22446.97,23793.1,21592.03,23393.18,3743.369623
871,,23390.04,24278.63,22919.55,23221.98,5606.13532
872,,23216.53,23425.79,22346.27,23150.42,3376.162305
873,,23145.95,23747.72,22506.79,22687.98,3357.28147
874,,22685.82,22999.46,21947.35,22450.41,2869.999605
875,,22450.14,23025.24,22261.75,22588.97,1619.482936
876,,22582.59,22666.41,21257.04,21307.76,2987.433268
877,,21305.21,21346.09,20718.0,21259.41,2532.128467
878,,21260.37,23098.85,21044.05,22946.39,1717.760383
879,,22959.62,24190.66,22581.44,23843.83,1805.848049
880,,23837.99,24435.82,23428.58,23771.51,1454.793503
881,,23767.77,24663.55,23514.76,23640.17,903.628945
882,,23639.65,24182.58,23230.54,23298.8,800.672856
883,,23291.35,23497.99,22851.0,23273.67,1304.906669
884,,23271.66,23448.27,22656.61,22981.68,1539.217691
885,,22984.1,23641.97,22680.67,22820.42,1816.090399
886,,22812.4,23219.5,22402.71,22609.71,2488.694177
887,,22617.04,23463.62,22589.36,23318.34,1906.857334
888,,23317.87,23349.22,22914.29,22951.63,670.121366
889,,22954.5,23388.88,22847.27,23174.87,619.753176
890,,23178.64,24245.69,23155.54,23810.28,1607.526521
891,,23804.79,23921.09,22868.3,23150.08,1741.707609
892,,23144.72,24222.97,22655.03,23951.04,1567.681602
893,,23956.24,24917.48,23851.16,23932.84,1981.491525
894,,23941.94,24449.95,23586.35,24402.87,2169.536481
895,,24400.03,24889.0,24297.29,24436.08,1509.997544
896,,24447.26,25023.89,24147.32,24302.12,1348.468089
897,,24304.85,25203.74,23774.26,24091.64,2619.357313
898,,24086.4,24246.26,23668.3,23855.92,2189.526464
899,,23852.36,24440.72,23184.59,23348.83,2277.25595
900,,23349.03,23594.25,23121.09,23195.31,951.515327
901,,23188.04,23205.55,20775.0,20832.56,4078.528899
902,,20829.28,21361.92,20769.64,21138.83,1828.997659
903,,21136.48,21790.22,21069.15,21509.5,771.872562
904,,21519.5,21535.0,20900.0,21400.46,1731.944639
905,,21397.82,21678.28,20898.09,21524.41,1203.40484
906,,21529.3,21892.46,21153.84,21370.41,2830.118038
907,,21371.07,21817.93,21312.78,21558.6,1231.683101
908,,21562.6,21874.34,20110.85,20238.5,4106.088288
909,,20236.28,20377.41,19681.97,20037.34,2215.27759
910,,20039.53,20156.99,19426.83,19556.72,1070.142668
911,,19552.0,20414.41,19547.27,20286.88,1728.63434
912,,20289.94,20575.0,19543.78,19810.09,1734.783561
913,,19825.74,20488.0,19809.07,20050.08,1521.527283
914,,20054.12,20203.98,19566.32,20129.38,1599.563006
915,,20132.25,20435.04,19754.7,19947.33,1554.226478
916,,19954.47,20050.41,19659.54,19832.72,689.620971
917,,19835.08,20023.48,19595.22,20009.24,834.438532
918,,20000.11,20052.34,19639.22,19786.73,1051.611546
919,,19799.82,20179.48,18659.02,18795.29,2514.231602
920,,18791.56,19460.72,18536.82,19287.92,1839.668429
921,,19296.53,19454.01,19015.54,19318.96,1745.170101
922,,19319.92,21600.0,19295.65,21364.31,3067.609904
923,,21366.14,21804.09,21122.78,21652.49,1428.819744
924,,21652.5,21857.14,21350.91,21822.82,1158.949745
925,,21821.17,22483.01,21554.28,22395.73,2891.757993
926,,22396.19,22789.0,19895.31,20174.19,3546.425948
927,,20159.64,20529.1,19619.62,20224.21,2355.785831
928,,20219.2,20329.38,19495.88,19699.71,1783.2322
929,,19707.59,19889.24,19336.68,19802.64,1675.684726
930,,19798.05,20179.98,19753.06,20110.84,902.692596
931,,20114.74,20117.53,19338.68,19417.43,1192.997347
932,,19424.32,19678.53,18257.7,19540.09,2764.045921
933,,19533.97,19635.18,18740.54,18869.66,1662.940592
934,,18868.01,19799.34,18168.45,18466.35,4338.898461
935,,18452.78,19516.2,18359.28,19404.89,3527.023098
936,,19410.18,19496.18,18535.56,19291.83,2732.032945
937,,19292.79,19312.55,18810.09,18914.7,1250.790985
938,,18915.13,19177.21,18636.01,18810.25,1146.991059
939,,18805.24,19315.99,18687.9,19226.03,2327.0065
940,,19225.91,20382.65,18827.24,19077.58,5187.270084
941,,19082.76,19788.22,18478.34,19412.05,4021.259066
942,,19416.06,19642.42,18850.72,19585.16,2389.974444
943,,19587.96,20178.37,19158.61,19423.55,3548.611654
944,,19424.58,19482.44,19163.55,19312.75,647.879623
945,,19309.16,19396.79,18922.49,19055.8,1197.444005
946,,19061.42,19711.75,18964.71,19626.18,2384.419858
947,,19629.32,20463.71,19494.03,20342.75,3241.1054
948,,20337.15,20365.6,19737.65,20154.59,2263.369294
949,,20155.84,20447.18,19855.56,19959.98,6227.034721
950,,19960.12,20061.62,19324.83,19530.6,3473.547154
951,,19526.96,19623.07,19252.92,19417.23,1150.967833
952,,19418.16,19554.52,19322.38,19441.73,1385.439554
953,,19441.28,19524.98,19021.19,19132.82,2568.522375
954,,19130.63,19267.83,18862.23,19063.54,5319.982667
955,,19058.62,19236.0,18982.92,19155.42,2192.387434
956,,19155.42,19503.48,18172.26,19372.85,6484.869357
957,,19371.65,19949.65,19081.82,19175.48,4569.729238
958,,19177.42,19223.54,18986.0,19067.26,602.158529
959,,19068.76,19424.58,19066.27,19263.61,748.190493
960,,19259.03,19673.57,19157.4,19549.99,4008.206123
961,,19544.53,19700.37,19095.52,19331.56,4007.575497
962,,19326.07,19359.64,19070.34,19122.18,2834.00055
963,,19125.17,19340.8,18911.11,19041.69,3602.221144
964,,19044.55,19247.41,18656.0,19172.05,3666.560983
965,,19166.23,19254.05,19113.68,19206.26,403.379967
966,,19205.81,19691.7,19076.11,19570.12,1262.330743
967,,19573.53,19600.0,19159.19,19330.46,3311.75908
968,,19332.8,20416.64,19242.37,20083.8,5843.708286
969,,20081.79,21018.68,20052.43,20766.5,8103.200672
970,,20766.53,20871.16,20200.76,20292.1,5580.976765
971,,20297.59,20748.06,19999.57,20591.44,5519.60961
972,,20589.6,21075.68,20555.57,20810.82,2955.614928
973,,20811.67,20928.83,20513.57,20624.23,1872.680428
974,,20628.34,20838.99,20243.57,20492.7,3089.643794
975,,20493.8,20692.86,20330.0,20483.94,2894.399331
976,,20485.23,20802.88,20063.21,20152.24,5814.672881
977,,20153.32,20392.76,20038.26,20208.15,4746.435078
978,,20209.22,21295.52,20182.71,21147.28,6759.66828
979,,21145.13,21475.41,21083.55,21302.61,1743.009385
980,,21301.02,21363.1,20889.12,20908.79,1404.431226
981,,20901.79,21065.09,20382.71,20589.39,3851.29632
982,,20588.47,20680.56,17466.24,18537.65,11634.44206
983,,18538.36,18588.99,15599.99,15922.56,6743.66075
984,,15932.95,18188.0,15769.42,17580.04,2943.176137
985,,17580.39,17687.87,16369.84,17054.1,2488.691642
986,,17042.83,17099.35,16637.51,16813.35,1008.732561
987,,16814.93,16949.73,16245.12,16325.51,930.709892
988,,16331.92,17160.5,15814.87,16612.4,4969.248876
989,,16617.25,17123.98,16525.75,16894.63,8520.401199
990,,16898.19,17011.62,16383.12,16661.52,3890.202133
991,,16656.25,16744.95,16415.78,16692.72,2154.839322
992,,16695.4,16994.47,16551.95,16701.82,1758.476916
993,,16701.83,16822.78,16551.01,16706.97,470.155473
994,,16699.42,16752.47,16177.98,16284.06,1079.236997
995,,16284.06,16322.78,15486.74,15780.0,1805.011135
996,,15780.0,16304.16,15622.74,16218.73,2123.896625
997,,16229.54,16694.65,16164.23,16613.02,2315.271367
998,,16604.87,16810.89,16462.63,16599.81,1416.419041
999,,16602.13,16621.88,16346.11,16520.64,1063.55348
1000,,16523.76,16698.77,16389.63,16471.64,435.505098
1001,,16465.05,16595.98,16404.59,16428.4,382.048973
1002,,16424.82,16486.01,15998.89,16212.51,1561.205164
1003,,16209.97,16545.96,16098.75,16441.05,1486.059194
1004,,16441.05,17242.09,16427.05,17164.98,2233.816116
1005,,17162.8,17320.96,16848.97,16976.49,1152.64243
1006,,16970.59,17105.07,16779.99,17096.4,982.293208
1007,,17091.78,17158.85,16862.57,16879.06,529.821032
1008,,16883.97,17202.45,16880.56,17106.46,671.866365
1009,,17104.72,17419.36,16869.44,16968.71,1850.641398
1010,,16968.93,17106.61,16910.0,17088.37,1376.064526
1011,,17090.14,17137.26,16685.62,16837.35,906.982363
1012,,16839.33,17296.05,16737.94,17220.61,1005.296721
1013,,17222.55,17358.24,17068.04,17131.41,628.721642
1014,,17127.67,17226.88,17095.18,17129.89,280.844573
1015,,17129.77,17270.79,17071.81,17084.74,448.306265
1016,,17086.62,17240.58,16873.77,17204.88,831.739269
1017,,17211.41,17967.49,17083.4,17782.0,1353.343635
1018,,17782.93,18379.51,17662.65,17804.72,3585.022348
1019,,17801.85,17854.26,17283.91,17359.37,1863.836197
1020,,17355.01,17526.27,16532.94,16633.71,2945.142181
1021,,16625.45,16796.67,16583.73,16780.38,1074.492452
1022,,16781.49,16855.91,16663.99,16738.88,676.474706
1023,,16741.57,16814.49,16283.49,16439.89,1479.406444
1024,,16436.13,17048.57,16398.97,16898.75,2231.510723
1025,,16898.67,16922.3,16732.51,16829.61,868.853082
1026,,16828.58,16864.11,16563.47,16822.08,1298.109936
1027,,16824.09,16945.58,16761.57,16782.2,980.279996
1028,,16781.48,16864.1,16776.9,16834.19,259.818886
1029,,16838.18,16853.97,16731.82,16833.45,443.661161
1030,,16832.62,16942.28,16792.23,16919.83,479.431244
1031,,16921.8,16966.97,16604.33,16705.84,982.390394
1032,,16707.35,16783.9,16471.43,16545.89,1491.096529
1033,,16547.63,16662.69,16492.62,16634.04,748.75969
1034,,16631.15,16650.64,16369.84,16609.35,1080.822896
1035,,16605.84,16639.73,16466.79,16525.07,563.619323
1036,,16524.41,16628.2,16497.67,16617.57,309.056051
1037,,16619.93,16785.92,16549.68,16677.87,713.131373
1038,,16674.84,16774.53,16604.95,16674.12,743.945758
1039,,16676.49,16984.83,16653.41,16849.97,1511.331821
1040,,16852.47,16878.61,16756.91,16832.48,722.090851
1041,,16829.96,17030.14,16683.74,16952.15,1227.368213
1042,,16952.1,16982.15,16908.62,16945.2,268.373706
1043,,16944.93,17157.28,16913.17,17128.62,587.515062
1044,,17131.78,17395.51,17105.39,17181.92,1721.318758
1045,,17180.8,17488.38,17146.6,17441.76,1213.47196
1046,,17439.34,17996.94,17318.95,17944.83,1648.122479
1047,,17948.13,19113.49,17908.33,18852.95,6914.652036
1048,,18844.86,20003.26,18718.59,19930.08,5011.223577
1049,,19929.16,21250.17,19890.43,20953.76,8620.941878
1050,,20952.7,21044.33,20572.1,20869.54,2245.308389
1051,,20879.04,21447.7,20629.46,21192.09,2900.430181
1052,,21187.47,21581.9,20851.69,21136.37,2085.221161
1053,,21128.58,21646.08,20412.41,20677.13,1745.364229
1054,,20677.13,21190.9,20660.38,21074.78,764.076433
1055,,21080.05,22758.1,20868.93,22681.03,2614.471429
1056,,22675.01,23353.62,22439.37,22775.95,4471.41213
1057,,22783.64,23074.91,22309.38,22714.51,3497.443376
1058,,22710.87,23173.98,22514.16,22915.06,2640.997861
1059,,22913.74,23157.5,22473.84,22631.85,2143.908361
1060,,22639.7,23809.38,22340.0,23055.67,2197.009498
1061,,23071.15,23274.74,22858.6,23005.88,1193.341499
1062,,23006.98,23493.4,22580.0,23067.18,1626.405074
1063,,23066.49,23183.44,22884.67,23021.21,435.528919
1064,,23025.0,23962.88,22969.63,23744.82,1334.888544
1065,,23744.81,23798.15,22499.57,22831.95,1455.269402
1066,,22822.89,23273.69,22721.55,23128.28,967.825659
1067,,23125.65,23800.0,22786.01,23726.72,1585.109473
1068,,23726.72,24233.55,23423.76,23482.33,2368.821196
1069,,23484.37,23708.08,23210.18,23421.84,1761.853992
1070,,23424.81,23582.05,23256.02,23327.52,429.027857
1071,,23323.92,23423.76,22750.0,22932.23,914.875938
1072,,22928.37,23151.2,22631.38,22760.79,736.100893
1073,,22759.66,23347.52,22746.14,23246.32,1714.322276
1074,,23243.0,23436.71,22674.4,22958.53,1418.778459
1075,,22964.85,23008.58,21700.0,21798.17,2386.315673
1076,,21798.49,21938.93,21470.39,21631.55,1561.633344
1077,,21623.14,21901.77,21601.16,21863.65,425.428935
1078,,21866.56,22091.04,21632.58,21783.16,652.899657
1079,,21780.98,21891.26,21362.58,21774.44,1362.856297
1080,,21777.93,22312.29,21558.27,22200.34,1867.404055
1081,,22196.2,24365.92,22047.74,24329.49,2550.343062
1082,,24327.0,25248.03,23508.79,23518.71,2833.209053
1083,,23522.79,25014.06,23346.49,24577.41,2952.899383
1084,,24570.72,24875.05,24436.84,24628.46,1141.060212
1085,,24630.43,25193.38,24202.59,24263.0,1744.260125
1086,,24266.76,25113.4,23844.34,24838.09,1988.734029
1087,,24835.34,25242.62,24145.47,24453.24,2484.635281
1088,,24448.9,24473.5,23583.63,24181.73,2155.166063
1089,,24186.71,24597.2,23611.94,23937.75,2680.622008
1090,,23941.66,24125.23,22854.66,23183.13,2197.106284
1091,,23181.4,23219.12,22760.09,23155.42,903.73265
1092,,23156.96,23681.3,23065.36,23558.22,970.409065
1093,,23561.67,23891.35,23117.11,23490.18,1424.037752
1094,,23491.11,23596.76,23027.14,23140.1,1739.37979
1095,,23140.48,23998.92,23020.41,23629.08,2221.546451
1096,,23628.02,23797.2,23198.89,23468.02,2072.153148
1097,,23466.77,23476.07,21985.68,22358.06,2585.271248
1098,,22354.66,22408.39,22160.0,22346.68,667.56317
1099,,22344.44,22652.51,22198.81,22430.68,979.42078
1100,,22430.07,22594.99,22259.68,22407.44,1031.20915
1101,,22409.81,22554.47,21937.52,22198.59,2790.97378
1102,,22197.47,22285.54,21579.92,21703.4,3357.142658
1103,,21701.97,21832.13,20025.82,20368.79,3827.082532
1104,,20370.23,20374.49,19565.4,20153.97,6032.387027
1105,,20155.58,20688.52,19770.0,20463.9,2680.24396
1106,,20454.96,22082.44,20274.25,21995.39,3513.31226
1107,,21996.88,24481.5,21812.11,24108.06,7467.8392
1108,,24113.7,26375.5,23841.0,24674.99,6755.913323
1109,,24670.89,25172.43,23897.84,24278.47,4551.13937
1110,,24281.6,25165.66,24121.62,25003.06,2970.19364
1111,,25003.06,27750.45,24893.79,27391.98,2713.282405
1112,,27394.17,27721.45,26590.99,26917.17,1423.96384
1113,,26917.17,28381.43,26839.63,27958.56,1472.722301
1114,,27969.7,28461.22,27134.4,27720.95,2063.86929
1115,,27723.72,28430.56,27308.19,28110.26,1190.29244
1116,,28108.29,28861.27,26603.54,27254.54,2825.298864
1117,,27242.3,28751.33,27116.41,28286.72,2591.64345
1118,,28293.09,28378.16,27016.08,27444.02,2344.98984
1119,,27460.0,27786.46,27155.49,27462.53,747.85679
1120,,27457.51,28197.07,27414.51,27984.74,871.1726
1121,,27963.23,28024.99,26513.45,27128.98,2414.15281
1122,,27133.87,27505.89,26635.48,27260.91,2444.00856
1123,,27266.53,28646.63,27242.31,28354.39,3091.75909
1124,,28341.68,29182.0,27697.25,28035.67,4685.150132
1125,,28033.22,28657.69,27510.35,28460.08,3264.42222
1126,,28460.1,28815.32,28218.91,28452.75,913.66801
1127,,28449.0,28530.76,27854.49,28176.4,1189.9971
1128,,28177.46,28500.29,27265.0,27806.67,3575.72719
1129,,27793.56,28440.3,27654.08,28164.56,2375.33862
1130,,28157.88,28770.27,27828.89,28166.68,2440.36142
1131,,28166.68,28185.68,27711.66,28031.19,1433.80828
1132,,28033.82,28104.6,27763.3,27901.7,822.73371
1133,,27901.59,28156.05,27854.98,27941.17,376.18819
1134,,27935.62,28531.54,27797.43,28324.72,854.09292
1135,,28324.4,29769.78,28159.33,29642.28,1858.429484
1136,,29636.58,30560.6,29589.23,30196.78,2445.705852
1137,,30196.78,30482.07,29650.0,29891.39,2395.59523
1138,,29891.39,30583.58,29851.17,30376.49,2115.014824
1139,,30378.69,31015.88,29966.04,30461.9,3084.714799
1140,,30466.38,30596.82,30199.57,30293.1,862.57072
1141,,30296.76,30547.63,30118.55,30301.91,1069.92307
1142,,30300.78,30322.57,29240.22,29429.64,2358.13101
1143,,29429.64,30486.46,29095.3,30381.36,3380.29609
1144,,30382.2,30409.62,28574.5,28798.07,4498.91245
1145,,28796.0,29083.99,27999.36,28240.95,3391.78918
1146,,28240.95,28370.56,27136.94,27263.02,3530.68713
1147,,27259.36,27881.46,27144.51,27818.2,1630.99713
1148,,27813.95,27819.65,27333.08,27588.59,1748.96198
1149,,27587.87,27998.15,26962.3,27512.82,3403.33245
1150,,27512.18,28391.62,27191.21,28296.98,2977.17603
1151,,28303.19,30030.41,27249.0,28418.62,6455.58602
1152,,28419.14,29896.44,28377.78,29475.32,3965.41484
1153,,29476.82,29593.39,28885.61,29312.93,1854.90346
1154,,29317.65,29444.4,29038.97,29228.32,569.11839
1155,,29228.38,29962.87,29088.14,29224.89,1295.21726
1156,,29237.64,29334.06,27667.89,28073.3,2107.08053
1157,,28068.26,28881.04,27869.8,28671.76,1585.44208
1158,,28669.63,29266.83,28120.0,29030.86,2945.05292
1159,,29030.55,29381.71,28663.22,28838.07,1434.38754
1160,,28847.85,29678.6,28804.94,29504.4,1956.51079
1161,,29505.43,29831.41,28333.15,28846.33,1278.7991
1162,,28846.33,29133.92,28398.29,28426.29,895.69981
1163,,28434.44,28631.55,27264.83,27669.62,2380.08777
1164,,27658.38,27821.31,27351.56,27623.4,540.5754
1165,,27632.61,28316.76,26839.91,27599.6,641.37046
1166,,27592.89,27624.39,26713.98,26972.18,448.66664
1167,,26972.63,27083.96,25816.67,26790.85,635.89815
1168,,26801.54,27038.75,26688.04,26779.72,239.0358
1169,,26769.29,27200.0,26575.51,26914.59,336.79274
1170,,26917.28,27660.54,26734.85,27164.79,644.40195
1171,,27158.37,27294.73,26841.8,27035.73,429.9884
1172,,27035.73,27496.07,26546.47,27405.87,721.83
1173,,27407.94,27484.31,26328.2,26820.9,698.56373
1174,,26822.07,27173.0,26639.22,26880.33,373.31201
1175,,26885.35,27156.6,26824.96,27100.7,148.42648
1176,,27106.16,27275.06,26670.33,26746.96,334.04825
1177,,26740.5,27092.02,26539.18,26853.73,833.0665
1178,,26847.43,27493.33,26800.0,27224.87,1027.44256
1179,,27223.34,27223.34,26080.19,26331.72,989.83037
1180,,26321.61,26621.37,25873.88,26473.26,754.58955
1181,,26479.19,26933.45,26328.31,26701.03,515.97944
1182,,26707.46,26888.0,26555.0,26855.5,242.07005
1183,,26857.06,28256.38,26768.59,28063.46,585.09302
1184,,28069.22,28444.71,27526.32,27738.83,811.60832
1185,,27737.94,28041.41,27556.7,27696.3,715.64459
1186,,27688.81,27834.35,26832.67,27213.15,899.40734
